// This XSS are from the C5G7 Benchamrk Problem 
// Source: OECD-NEA 
//        ‘Benchmark specification for deterministic 2D/3D MOX
//         fuel assembly transport calculations without spatial
//         homogenisation (C5G7 MOX)’
//

numberOfGroups 7; 

capture (5.113152100E-04	7.580717436E-05	3.159662810E-04	1.162255940E-03	3.397554610E-03	9.187885028E-03	2.324191959E-02);
fission (4.790020000E-09	5.825640000E-09	4.637190000E-07	5.244060000E-06	1.453900000E-07	7.149720000E-07	2.080410000E-06);
nu      ( 2.762829800E+00	2.462390398E+00	2.433799348E+00	2.433799384E+00	2.433800124E+00	2.433800205E+00	2.433800068E+00);
chi ( 5.8791E-01	4.1176E-01	3.3906E-04	1.1761E-07	0.0000E+00	0.0000E+00	0.0000E+00);
 
scatteringMultiplicity ( 
1.0 1.0 1.0 1.0 1.0 1.0 1.0 
1.0 1.0 1.0 1.0 1.0 1.0 1.0 
1.0 1.0 1.0 1.0 1.0 1.0 1.0 
1.0 1.0 1.0 1.0 1.0 1.0 1.0 
1.0 1.0 1.0 1.0 1.0 1.0 1.0 
1.0 1.0 1.0 1.0 1.0 1.0 1.0 
1.0 1.0 1.0 1.0 1.0 1.0 1.0 
); 

P0 ( 
6.616590000E-02	5.907000000E-02	2.833400000E-04	1.462200000E-06	2.064200000E-08	0.000000000E+00	0.000000000E+00
0.000000000E+00	2.403770000E-01	5.243500000E-02	2.499000000E-04	1.923900000E-05	2.987500000E-06	4.214000000E-07
0.000000000E+00	0.000000000E+00	1.834250000E-01	9.228800000E-02	6.936500000E-03	1.079000000E-03	2.054300000E-04
0.000000000E+00	0.000000000E+00	0.000000000E+00	7.907690000E-02	1.699900000E-01	2.586000000E-02	4.925600000E-03
0.000000000E+00	0.000000000E+00	0.000000000E+00	3.734000000E-05	9.975700000E-02	2.067900000E-01	2.447800000E-02
0.000000000E+00	0.000000000E+00	0.000000000E+00	0.000000000E+00	9.174200000E-04	3.167740000E-01	2.387600000E-01
0.000000000E+00	0.000000000E+00	0.000000000E+00	0.000000000E+00	0.000000000E+00	4.979300000E-02	1.099100000E+00
); 

