// This XSS are from the C5G7 Benchamrk Problem 
// Source: OECD-NEA 
//        ‘Benchmark specification for deterministic 2D/3D MOX
//         fuel assembly transport calculations without spatial
//         homogenisation (C5G7 MOX)’
//

numberOfGroups 7; 

capture (6.010500E-04	1.579300E-05	3.371600E-04	1.940600E-03	5.741600E-03	1.500100E-02	3.723900E-02);
 
scatteringMultiplicity ( 
1.0 1.0 1.0 1.0 1.0 1.0 1.0 
1.0 1.0 1.0 1.0 1.0 1.0 1.0 
1.0 1.0 1.0 1.0 1.0 1.0 1.0 
1.0 1.0 1.0 1.0 1.0 1.0 1.0 
1.0 1.0 1.0 1.0 1.0 1.0 1.0 
1.0 1.0 1.0 1.0 1.0 1.0 1.0 
1.0 1.0 1.0 1.0 1.0 1.0 1.0 
); 

P0 ( 
4.447770E-02	1.134000E-01	7.234700E-04	3.749900E-06	5.318400E-08	0.000000E+00	0.000000E+00
0.000000E+00	2.823340E-01	1.299400E-01	6.234000E-04	4.800200E-05	7.448600E-06	1.045500E-06
0.000000E+00	0.000000E+00	3.452560E-01	2.245700E-01	1.699900E-02	2.644300E-03	5.034400E-04
0.000000E+00	0.000000E+00	0.000000E+00	9.102840E-02	4.155100E-01	6.373200E-02	1.213900E-02
0.000000E+00	0.000000E+00	0.000000E+00	7.143700E-05	1.391380E-01	5.118200E-01	6.122900E-02
0.000000E+00	0.000000E+00	0.000000E+00	0.000000E+00	2.215700E-03	6.999130E-01	5.373200E-01
0.000000E+00	0.000000E+00	0.000000E+00	0.000000E+00	0.000000E+00	1.324400E-01	2.480700E+00
); 

