// This XSS are from the C5G7 Benchamrk Problem 
// Source: OECD-NEA 
//        ‘Benchmark specification for deterministic 2D/3D MOX
//         fuel assembly transport calculations without spatial
//         homogenisation (C5G7 MOX)’
//

numberOfGroups 7; 

capture (0.00080686 0.0028808 0.022717 0.0813228 0.129177 0.176423 0.160382);
fission (0.00762704 0.000876898 0.00569835 0.0228872 0.0107635 0.232757 0.248968);
nu      (2.85209 2.89099 2.85486 2.86073 2.85447 2.86415 2.8678); 
// Fudged to normalise to 1
// Original: chi     (0.58791 0.41176 0.00033906 0.00000011761 0.0 0.0 0.0); 
chi     (0.58791 0.41176 0.00033 0.0 0.0 0.0 0.0); 
 
scatteringMultiplicity ( 
1.0 1.0 1.0 1.0 1.0 1.0 1.0 
1.0 1.0 1.0 1.0 1.0 1.0 1.0 
1.0 1.0 1.0 1.0 1.0 1.0 1.0 
1.0 1.0 1.0 1.0 1.0 1.0 1.0 
1.0 1.0 1.0 1.0 1.0 1.0 1.0 
1.0 1.0 1.0 1.0 1.0 1.0 1.0 
1.0 1.0 1.0 1.0 1.0 1.0 1.0 
); 

P0 ( 
 0.128876 0.041413 0.000008229  0.0000000050405 0.0        0.0       0.0
 0.0      0.325452 0.0016395    0.0000000015982 0.0        0.0       0.0
 0.0      0.0      0.453188     0.0026142       0.0        0.0       0.0
 0.0      0.0      0.0          0.457173        0.0055394  0.0       0.0
 0.0      0.0      0.0          0.00016046      0.276814   0.0093127 0.0000000091656
 0.0      0.0      0.0          0.0             0.0020051  0.252962  0.01485
 0.0      0.0      0.0          0.0             0.0        0.0084948 0.265007
); 

