// This XSS are from the C5G7 Benchamrk Problem 
// Source: OECD-NEA 
//        ‘Benchmark specification for deterministic 2D/3D MOX
//         fuel assembly transport calculations without spatial
//         homogenisation (C5G7 MOX)’
//

numberOfGroups 7; 
capture ( 8.1274000E-04	2.8980990E-03	2.0315800E-02	7.7671200E-02	1.2211600E-02	2.8225200E-02	6.6776000E-02);
fission ( 7.212060E-3 8.193010E-4 6.453200E-3 1.856480E-2 1.780840E-2 8.303480E-2 2.160040E-1);
nu ( 2.7814494E+00	2.4744300E+00	2.4338297E+00	2.4338000E+00	2.43380E+00	2.43380E+00	2.43380E+00);
chi ( 5.8791E-01	4.1176E-01	3.3906E-04	1.1761E-07	0.0000E+00	0.0000E+00	0.0000E+00);

scatteringMultiplicity ( 
1.0 1.0 1.0 1.0 1.0 1.0 1.0 
1.0 1.0 1.0 1.0 1.0 1.0 1.0 
1.0 1.0 1.0 1.0 1.0 1.0 1.0 
1.0 1.0 1.0 1.0 1.0 1.0 1.0 
1.0 1.0 1.0 1.0 1.0 1.0 1.0 
1.0 1.0 1.0 1.0 1.0 1.0 1.0 
1.0 1.0 1.0 1.0 1.0 1.0 1.0 
); 

P0 (
1.2753700E-01	4.2378000E-02	9.4374000E-06	5.5163000E-09	0.0000000E+00	0.0000000E+00	0.0000000E+00
0.0000000E+00	3.2445600E-01	1.6314000E-03	3.1427000E-09	0.0000000E+00	0.0000000E+00	0.0000000E+00
0.0000000E+00	0.0000000E+00	4.5094000E-01	2.6792000E-03	0.0000000E+00	0.0000000E+00	0.0000000E+00
0.0000000E+00	0.0000000E+00	0.0000000E+00	4.5256500E-01	5.5664000E-03	0.0000000E+00	0.0000000E+00
0.0000000E+00	0.0000000E+00	0.0000000E+00	1.2525000E-04	2.7140100E-01	1.0255000E-02	1.0021000E-08
0.0000000E+00	0.0000000E+00	0.0000000E+00	0.0000000E+00	1.2968000E-03	2.6580200E-01	1.6809000E-02
0.0000000E+00	0.0000000E+00	0.0000000E+00	0.0000000E+00	0.0000000E+00	8.5458000E-03	2.7308000E-01
);


